 1 1 1 1 1 3 1 data_5
 1 1 1 1 1 3 2 data_6
 1 1 1 1 3 2 1 data_19
 1 1 1 1 3 3 2 data_22
 1 1 1 2 1 2 1 data_27
 1 1 1 2 1 2 2 data_28
 1 1 1 2 2 3 1 data_37
 1 1 1 2 2 4 1 data_39
 1 1 1 2 3 1 2 data_42
 1 1 2 1 1 1 2 data_50
 0 1 2 1 1 2 1 data_51
 0 1 2 1 1 3 1 data_53
 0 1 2 1 1 4 2 data_56
 1 1 2 1 2 1 1 data_57
 0 1 2 1 2 3 1 data_61
 0 1 2 1 2 3 2 data_62
 0 1 2 1 2 4 2 data_64
 0 1 2 1 3 2 1 data_67
 0 1 2 1 3 4 2 data_72
 0 1 2 2 1 2 2 data_76
 0 1 2 2 2 3 2 data_86
 0 1 2 2 2 4 1 data_87
 0 1 2 2 2 4 2 data_88
 0 1 2 2 3 2 2 data_92
 0 1 2 2 3 3 1 data_93
 0 1 2 2 3 3 2 data_94
 0 1 3 1 1 2 1 data_99
 0 1 3 1 1 4 1 data_103
 0 1 3 1 2 2 1 data_107
 0 1 3 1 2 4 1 data_111
 1 1 3 1 3 1 2 data_114
 0 1 3 1 3 2 2 data_116
 0 1 3 1 3 3 1 data_117
 0 1 3 1 3 4 1 data_119
 0 1 3 1 3 4 2 data_120
 0 1 3 2 1 2 2 data_124
 1 1 3 2 2 1 2 data_130
 0 1 3 2 2 2 2 data_132
 0 1 3 2 2 3 2 data_134
 0 1 3 2 2 4 1 data_135
 0 1 3 2 2 4 2 data_136
 1 1 3 2 3 1 1 data_137
 0 1 3 2 3 2 1 data_139
 0 1 3 2 3 4 1 data_143
 0 1 3 2 3 4 2 data_144
 0 2 1 1 1 3 1 data_149
 0 2 1 1 1 3 2 data_150
 1 2 1 1 2 1 1 data_153
 1 2 1 1 2 1 2 data_154
 0 2 1 1 2 2 2 data_156
 0 2 1 1 2 3 1 data_157
 0 2 1 1 2 4 1 data_159
 0 2 1 1 2 4 2 data_160
 0 2 1 1 3 4 1 data_167
 0 2 1 2 1 2 2 data_172
 0 2 1 2 1 3 1 data_173
 0 2 1 2 1 4 2 data_176
 0 2 1 2 2 3 1 data_181
 0 2 1 2 2 4 2 data_184
 0 2 1 2 3 2 2 data_188
 0 2 1 2 3 4 1 data_191
 1 2 2 1 1 2 1 data_195
 1 2 2 1 1 2 2 data_196
 1 2 2 1 1 3 1 data_197
 1 2 2 1 2 3 2 data_206
 1 2 2 1 3 1 1 data_209
 1 2 2 1 3 1 2 data_210
 1 2 2 1 3 2 2 data_212
 1 2 2 1 3 3 2 data_214
 1 2 2 1 3 4 2 data_216
 1 2 2 2 1 1 1 data_217
 1 2 2 2 1 3 2 data_222
 1 2 2 2 1 4 1 data_223
 1 2 2 2 1 4 2 data_224
 1 2 2 2 2 2 1 data_227
 1 2 2 2 3 4 1 data_239
 1 2 3 1 1 1 1 data_241
 1 2 3 1 2 1 1 data_249
 0 2 3 1 2 3 1 data_253
 1 2 3 1 3 1 2 data_258
 0 2 3 1 3 3 1 data_261
 0 2 3 1 3 4 2 data_264
 0 2 3 2 1 3 2 data_270
 1 2 3 2 2 1 1 data_273
 1 2 3 2 2 1 2 data_274
 0 2 3 2 2 2 1 data_275
 0 2 3 2 3 3 2 data_286